,BANK,ENV,INS,CONT,LAYERS,PTWD,FTWD,PER TEST,PER SUB,TRAIN,CV
0,MFC,D2,-4.0,13.0,2.0,0.1,0.1,32.86,30.64,64.19,61.1
1,MFC,D2,-4.0,13.0,2.0,0.1,0.01,30.54,24.67,68.57,61.79
2,MFC,D2,-4.0,13.0,2.0,0.1,0.001,30.8,24.35,68.42,60.92
3,MFC,D2,-4.0,13.0,2.0,0.1,0.0001,30.78,24.32,68.43,60.87
4,MFC,D2,-4.0,13.0,2.0,0.1,1e-05,30.77,24.33,68.43,60.86
5,MFC,D2,-4.0,13.0,2.0,0.1,1e-06,30.77,24.33,68.43,60.85
6,MFC,D2,-4.0,13.0,2.0,0.01,0.1,33.04,30.69,64.11,61.09
7,MFC,D2,-4.0,13.0,2.0,0.01,0.01,30.37,23.92,69.21,62.14
8,MFC,D2,-4.0,13.0,2.0,0.01,0.001,30.77,24.48,68.18,60.77
9,MFC,D2,-4.0,13.0,2.0,0.01,0.0001,30.65,23.87,68.72,60.83
10,MFC,D2,-4.0,13.0,2.0,0.01,1e-05,30.99,24.61,67.99,60.6
11,MFC,D2,-4.0,13.0,2.0,0.01,1e-06,30.68,24.0,68.8,60.62
12,MFC,D2,-4.0,13.0,2.0,0.001,0.1,33.01,30.72,63.99,61.08
13,MFC,D2,-4.0,13.0,2.0,0.001,0.01,30.16,23.61,69.48,61.93
14,MFC,D2,-4.0,13.0,2.0,0.001,0.001,30.71,24.59,68.39,60.73
15,MFC,D2,-4.0,13.0,2.0,0.001,0.0001,30.17,23.0,69.29,60.68
16,MFC,D2,-4.0,13.0,2.0,0.001,1e-05,30.49,23.61,69.13,60.54
17,MFC,D2,-4.0,13.0,2.0,0.001,1e-06,30.43,23.59,69.1,60.52
18,MFC,D2,-4.0,13.0,2.0,0.0001,0.1,32.93,30.57,64.11,61.11
19,MFC,D2,-4.0,13.0,2.0,0.0001,0.01,30.44,24.05,69.02,61.55
20,MFC,D2,-4.0,13.0,2.0,0.0001,0.001,30.7,23.88,68.68,60.76
21,MFC,D2,-4.0,13.0,2.0,0.0001,0.0001,30.25,22.55,69.49,60.81
22,MFC,D2,-4.0,13.0,2.0,0.0001,1e-05,30.71,23.93,68.23,60.55
23,MFC,D2,-4.0,13.0,2.0,0.0001,1e-06,30.45,23.49,68.69,60.76
24,MFC,D2,-4.0,13.0,2.0,1e-05,0.1,33.05,30.56,64.01,60.94
25,MFC,D2,-4.0,13.0,2.0,1e-05,0.01,30.24,23.82,69.44,61.86
26,MFC,D2,-4.0,13.0,2.0,1e-05,0.001,30.12,22.7,69.57,61.09
27,MFC,D2,-4.0,13.0,2.0,1e-05,0.0001,30.1,22.55,69.57,60.7
28,MFC,D2,-4.0,13.0,2.0,1e-05,1e-05,30.16,22.56,69.55,60.75
29,MFC,D2,-4.0,13.0,2.0,1e-05,1e-06,30.05,22.66,69.52,60.83
30,MFC,D2,-4.0,13.0,2.0,1e-06,0.1,33.15,30.86,63.84,60.86
31,MFC,D2,-4.0,13.0,2.0,1e-06,0.01,30.21,23.82,69.44,61.83
32,MFC,D2,-4.0,13.0,2.0,1e-06,0.001,30.1,22.71,69.54,61.11
33,MFC,D2,-4.0,13.0,2.0,1e-06,0.0001,30.22,22.82,69.31,60.98
34,MFC,D2,-4.0,13.0,2.0,1e-06,1e-05,30.27,22.84,69.33,61.02
35,MFC,D2,-4.0,13.0,2.0,1e-06,1e-06,30.28,22.84,69.33,61.0
36,MFC,D2,-4.0,13.0,3.0,0.1,0.1,32.85,30.14,63.39,60.38
37,MFC,D2,-4.0,13.0,3.0,0.1,0.01,29.91,24.04,68.63,62.48
38,MFC,D2,-4.0,13.0,3.0,0.1,0.001,29.94,23.2,69.24,61.43
39,MFC,D2,-4.0,13.0,3.0,0.1,0.0001,30.48,24.87,67.74,61.3
40,MFC,D2,-4.0,13.0,3.0,0.1,1e-06,29.83,23.46,68.79,61.77
41,MFC,D2,-4.0,13.0,3.0,0.01,0.1,33.09,30.55,63.26,60.18
42,MFC,D2,-4.0,13.0,3.0,0.01,0.01,30.02,24.52,68.18,61.83
43,MFC,D2,-4.0,13.0,3.0,0.01,0.001,29.36,21.92,69.97,61.65
44,MFC,D2,-4.0,13.0,3.0,0.01,0.0001,29.42,21.88,70.08,61.58
45,MFC,D2,-4.0,13.0,3.0,0.01,1e-05,29.24,20.93,71.19,61.59
46,MFC,D2,-4.0,13.0,3.0,0.01,1e-06,29.44,22.08,69.9,61.47
47,MFC,D2,-4.0,13.0,3.0,0.001,0.1,32.56,29.79,63.71,60.71
48,MFC,D2,-4.0,13.0,3.0,0.001,0.01,29.84,23.68,69.41,62.21
49,MFC,D2,-4.0,13.0,3.0,0.001,0.001,29.41,21.05,71.18,61.71
50,MFC,D2,-4.0,13.0,3.0,0.001,0.0001,29.81,22.45,69.95,61.38
51,MFC,D2,-4.0,13.0,3.0,0.001,1e-05,29.77,23.36,69.0,61.23
52,MFC,D2,-4.0,13.0,3.0,0.001,1e-06,29.36,21.98,69.88,61.47
53,MFC,D2,-4.0,13.0,3.0,0.0001,0.1,32.77,29.83,63.76,60.56
54,MFC,D2,-4.0,13.0,3.0,0.0001,0.01,29.31,22.67,70.3,62.29
55,MFC,D2,-4.0,13.0,3.0,0.0001,0.001,29.18,21.24,70.42,61.59
56,MFC,D2,-4.0,13.0,3.0,0.0001,0.0001,29.71,22.56,69.86,61.58
57,MFC,D2,-4.0,13.0,3.0,0.0001,1e-05,29.07,20.51,71.43,61.62
58,MFC,D2,-4.0,13.0,3.0,0.0001,1e-06,29.17,20.42,71.61,61.68
59,MFC,D2,-4.0,13.0,3.0,1e-05,0.1,32.25,29.33,64.18,60.92
60,MFC,D2,-4.0,13.0,3.0,1e-05,0.01,29.88,23.34,69.46,62.07
61,MFC,D2,-4.0,13.0,3.0,1e-05,0.001,29.32,21.67,70.37,61.54
62,MFC,D2,-4.0,13.0,3.0,1e-05,0.0001,29.3,21.63,70.67,61.58
63,MFC,D2,-4.0,13.0,3.0,1e-05,1e-05,29.17,21.12,71.11,61.71
64,MFC,D2,-4.0,13.0,3.0,1e-05,1e-06,29.42,22.08,70.36,61.55
65,MFC,D2,-4.0,13.0,3.0,1e-06,0.1,32.61,29.86,63.9,60.75
66,MFC,D2,-4.0,13.0,3.0,1e-06,0.01,29.7,23.26,69.48,62.26
67,MFC,D2,-4.0,13.0,3.0,1e-06,0.001,29.67,22.19,69.82,61.55
68,MFC,D2,-4.0,13.0,3.0,1e-06,0.0001,29.44,22.7,69.78,61.62
69,MFC,D2,-4.0,13.0,3.0,1e-06,1e-05,29.9,23.41,69.09,61.33
70,MFC,D2,-4.0,13.0,3.0,1e-06,1e-06,28.96,21.03,71.25,61.6
71,MFC,D2,-4.0,13.0,4.0,0.1,0.1,32.27,29.28,63.8,60.35
72,MFC,D2,-4.0,13.0,4.0,0.1,0.01,28.12,20.5,72.14,63.53
73,MFC,D2,-4.0,13.0,4.0,0.1,0.001,28.38,20.71,71.5,62.85
74,MFC,D2,-4.0,13.0,4.0,0.1,0.0001,28.79,21.37,71.12,62.88
75,MFC,D2,-4.0,13.0,4.0,0.1,1e-05,29.12,22.71,69.91,62.61
76,MFC,D2,-4.0,13.0,4.0,0.1,1e-06,28.94,21.84,70.82,62.75
77,MFC,D2,-4.0,13.0,4.0,0.01,0.1,32.21,29.12,63.99,60.64
78,MFC,D2,-4.0,13.0,4.0,0.01,0.01,29.34,23.12,70.12,62.64
79,MFC,D2,-4.0,13.0,4.0,0.01,0.001,28.61,19.94,72.32,62.59
80,MFC,D2,-4.0,13.0,4.0,0.01,0.0001,28.56,19.6,72.38,62.6
81,MFC,D2,-4.0,13.0,4.0,0.01,1e-05,28.86,21.16,70.73,62.23
82,MFC,D2,-4.0,13.0,4.0,0.01,1e-06,28.7,19.77,72.38,62.6
83,MFC,D2,-4.0,13.0,4.0,0.001,0.1,31.83,28.67,64.54,61.0
84,MFC,D2,-4.0,13.0,4.0,0.001,0.01,28.98,22.09,70.65,62.77
85,MFC,D2,-4.0,13.0,4.0,0.001,0.001,29.07,21.67,70.66,62.25
86,MFC,D2,-4.0,13.0,4.0,0.001,0.0001,29.29,22.23,70.39,62.09
87,MFC,D2,-4.0,13.0,4.0,0.001,1e-05,29.43,22.66,69.59,61.98
88,MFC,D2,-4.0,13.0,4.0,0.001,1e-06,29.45,22.65,69.59,61.93
89,MFC,D2,-4.0,13.0,4.0,0.0001,0.1,31.78,28.6,64.58,61.08
90,MFC,D2,-4.0,13.0,4.0,0.0001,0.01,29.15,22.59,70.13,62.62
91,MFC,D2,-4.0,13.0,4.0,0.0001,0.001,29.09,21.91,70.33,62.24
92,MFC,D2,-4.0,13.0,4.0,0.0001,0.0001,28.74,20.58,71.49,62.33
93,MFC,D2,-4.0,13.0,4.0,0.0001,1e-05,29.07,21.61,70.71,62.12
94,MFC,D2,-4.0,13.0,4.0,0.0001,1e-06,29.04,21.51,70.73,62.1
95,MFC,D2,-4.0,13.0,4.0,1e-05,0.1,31.89,28.68,64.55,61.07
96,MFC,D2,-4.0,13.0,4.0,1e-05,0.01,29.0,21.98,70.75,62.71
97,MFC,D2,-4.0,13.0,4.0,1e-05,0.001,28.66,20.49,71.43,62.21
98,MFC,D2,-4.0,13.0,4.0,1e-05,0.0001,29.11,21.92,70.41,62.04
99,MFC,D2,-4.0,13.0,4.0,1e-05,1e-05,29.05,21.5,70.7,62.1
100,MFC,D2,-4.0,13.0,4.0,1e-05,1e-06,29.09,21.5,70.7,62.07
101,MFC,D2,-4.0,13.0,4.0,1e-06,0.1,32.18,29.15,64.01,60.65
102,MFC,D2,-4.0,13.0,4.0,1e-06,0.01,29.64,23.67,69.07,62.34
103,MFC,D2,-4.0,13.0,4.0,1e-06,0.001,29.4,22.86,69.57,61.9
104,MFC,D2,-4.0,13.0,4.0,1e-06,0.0001,29.36,22.29,70.07,62.0
105,MFC,D2,-4.0,13.0,4.0,1e-06,1e-05,29.34,22.42,69.92,61.99
106,MFC,D2,-4.0,13.0,4.0,1e-06,1e-06,29.11,21.48,70.85,62.1
107,MFC,D2,-4.0,13.0,5.0,0.1,0.1,32.04,28.83,63.93,60.37
108,MFC,D2,-4.0,13.0,5.0,0.1,0.01,28.46,22.08,70.63,62.9
109,MFC,D2,-4.0,13.0,5.0,0.1,0.001,28.31,21.46,70.79,62.58
110,MFC,D2,-4.0,13.0,5.0,0.1,0.0001,28.34,21.4,70.92,62.74
111,MFC,D2,-4.0,13.0,5.0,0.1,1e-05,27.79,19.81,72.62,62.89
112,MFC,D2,-4.0,13.0,5.0,0.1,1e-06,28.37,21.46,70.92,62.64
113,MFC,D2,-4.0,13.0,5.0,0.01,0.1,31.59,28.41,64.46,60.82
114,MFC,D2,-4.0,13.0,5.0,0.01,0.01,28.82,21.83,70.97,62.87
115,MFC,D2,-4.0,13.0,5.0,0.01,0.001,28.46,19.77,72.61,62.55
116,MFC,D2,-4.0,13.0,5.0,0.01,0.0001,28.68,20.09,72.01,62.41
117,MFC,D2,-4.0,13.0,5.0,0.01,1e-05,28.27,19.64,72.31,62.57
118,MFC,D2,-4.0,13.0,5.0,0.01,1e-06,28.46,19.6,72.73,62.46
119,MFC,D2,-4.0,13.0,5.0,0.001,0.1,31.6,28.5,64.47,60.94
120,MFC,D2,-4.0,13.0,5.0,0.001,0.01,29.06,21.89,71.0,62.69
121,MFC,D2,-4.0,13.0,5.0,0.001,0.001,28.63,19.91,72.58,62.38
122,MFC,D2,-4.0,13.0,5.0,0.001,0.0001,28.59,19.79,72.69,62.37
123,MFC,D2,-4.0,13.0,5.0,0.001,1e-05,28.59,19.77,72.7,62.38
124,MFC,D2,-4.0,13.0,5.0,0.001,1e-06,28.6,19.76,72.69,62.41
125,MFC,D2,-4.0,13.0,5.0,0.0001,0.1,31.63,28.5,64.46,60.85
126,MFC,D2,-4.0,13.0,5.0,0.0001,0.01,28.9,21.72,70.99,62.86
127,MFC,D2,-4.0,13.0,5.0,0.0001,0.001,28.31,18.68,73.32,62.65
128,MFC,D2,-4.0,13.0,5.0,0.0001,0.0001,28.59,19.0,72.86,62.33
129,MFC,D2,-4.0,13.0,5.0,0.0001,1e-05,28.68,20.35,72.02,62.37
130,MFC,D2,-4.0,13.0,5.0,0.0001,1e-06,28.6,19.68,72.71,62.42
131,MFC,D2,-4.0,13.0,5.0,1e-05,0.1,31.57,28.45,64.48,60.87
132,MFC,D2,-4.0,13.0,5.0,1e-05,0.01,28.48,20.63,71.61,63.05
133,MFC,D2,-4.0,13.0,5.0,1e-05,0.001,28.6,19.88,72.65,62.48
134,MFC,D2,-4.0,13.0,5.0,1e-05,0.0001,28.59,19.77,72.72,62.37
135,MFC,D2,-4.0,13.0,5.0,1e-05,1e-05,28.63,19.8,72.71,62.34
136,MFC,D2,-4.0,13.0,5.0,1e-05,1e-06,28.8,20.4,72.2,62.19
137,MFC,D2,-4.0,13.0,5.0,1e-06,0.1,31.56,28.46,64.47,60.88
138,MFC,D2,-4.0,13.0,5.0,1e-06,0.01,28.31,19.85,72.62,63.27
139,MFC,D2,-4.0,13.0,5.0,1e-06,0.001,28.63,19.88,72.63,62.41
140,MFC,D2,-4.0,13.0,5.0,1e-06,0.0001,28.76,20.45,72.06,62.32
141,MFC,D2,-4.0,13.0,5.0,1e-06,1e-05,28.66,19.77,72.89,62.26
142,MFC,D2,-4.0,13.0,5.0,1e-06,1e-06,28.8,20.38,72.23,62.26
143,MFC,D2,-4.0,13.0,6.0,0.1,0.1,31.42,27.89,64.62,60.84
144,MFC,D2,-4.0,13.0,6.0,0.1,0.01,28.67,22.06,70.26,62.65
145,MFC,D2,-4.0,13.0,6.0,0.1,0.001,28.42,21.23,71.1,62.59
146,MFC,D2,-4.0,13.0,6.0,0.1,0.0001,28.02,20.04,72.08,62.74
147,MFC,D2,-4.0,13.0,6.0,0.1,1e-05,28.33,20.91,71.16,62.55
148,MFC,D2,-4.0,13.0,6.0,0.1,1e-06,27.96,19.9,72.09,62.64
149,MFC,D2,-4.0,13.0,6.0,0.01,0.1,32.08,28.74,64.21,60.47
150,MFC,D2,-4.0,13.0,6.0,0.01,0.01,28.32,20.64,71.81,63.11
151,MFC,D2,-4.0,13.0,6.0,0.01,0.001,28.12,18.85,72.96,62.68
152,MFC,D2,-4.0,13.0,6.0,0.01,0.0001,28.25,19.12,72.53,62.45
153,MFC,D2,-4.0,13.0,6.0,0.01,1e-05,28.21,19.09,72.54,62.44
154,MFC,D2,-4.0,13.0,6.0,0.01,1e-06,28.21,19.09,72.54,62.44
155,MFC,D2,-4.0,13.0,6.0,0.001,0.1,32.02,28.47,64.43,60.64
156,MFC,D2,-4.0,13.0,6.0,0.001,0.01,28.33,20.61,71.9,63.07
157,MFC,D2,-4.0,13.0,6.0,0.001,0.001,28.06,18.81,73.44,62.51
158,MFC,D2,-4.0,13.0,6.0,0.001,0.0001,28.08,18.62,73.56,62.39
159,MFC,D2,-4.0,13.0,6.0,0.001,1e-05,28.13,19.21,72.92,62.37
160,MFC,D2,-4.0,13.0,6.0,0.001,1e-06,28.1,18.62,73.58,62.37
161,MFC,D2,-4.0,13.0,6.0,0.0001,0.1,32.01,28.48,64.42,60.64
162,MFC,D2,-4.0,13.0,6.0,0.0001,0.01,28.41,20.61,71.92,63.01
163,MFC,D2,-4.0,13.0,6.0,0.0001,0.001,28.15,19.17,73.03,62.7
164,MFC,D2,-4.0,13.0,6.0,0.0001,0.0001,27.86,17.24,74.24,62.52
165,MFC,D2,-4.0,13.0,6.0,0.0001,1e-05,28.06,18.77,73.45,62.55
166,MFC,D2,-4.0,13.0,6.0,0.0001,1e-06,28.06,18.65,73.57,62.33
167,MFC,D2,-4.0,13.0,6.0,1e-05,0.1,31.97,28.47,64.42,60.64
168,MFC,D2,-4.0,13.0,6.0,1e-05,0.01,28.51,21.12,71.36,63.02
169,MFC,D2,-4.0,13.0,6.0,1e-05,0.001,28.22,19.42,72.8,62.45
170,MFC,D2,-4.0,13.0,6.0,1e-05,0.0001,28.06,18.83,73.42,62.49
171,MFC,D2,-4.0,13.0,6.0,1e-05,1e-05,28.13,19.22,72.92,62.38
172,MFC,D2,-4.0,13.0,6.0,1e-05,1e-06,28.12,19.27,72.92,62.38
173,MFC,D2,-4.0,13.0,6.0,1e-06,0.1,32.01,28.47,64.43,60.66
174,MFC,D2,-4.0,13.0,6.0,1e-06,0.01,28.68,20.89,71.38,63.0
175,MFC,D2,-4.0,13.0,6.0,1e-06,0.001,28.22,19.8,72.39,62.56
176,MFC,D2,-4.0,13.0,6.0,1e-06,0.0001,28.17,19.17,72.98,62.31
177,MFC,D2,-4.0,13.0,6.0,1e-06,1e-05,28.19,19.16,72.97,62.29
178,MFC,D2,-4.0,13.0,6.0,1e-06,1e-06,27.87,18.03,74.17,62.43
179,MFC,D2,-4.0,13.0,7.0,0.1,0.1,31.43,27.96,64.45,60.5
180,MFC,D2,-4.0,13.0,7.0,0.1,0.01,28.53,21.57,70.87,62.91
181,MFC,D2,-4.0,13.0,7.0,0.1,0.001,28.37,21.15,70.92,62.6
182,MFC,D2,-4.0,13.0,7.0,0.1,0.0001,28.11,20.7,71.3,62.62
183,MFC,D2,-4.0,13.0,7.0,0.1,1e-05,28.16,20.71,71.3,62.71
184,MFC,D2,-4.0,13.0,7.0,0.1,1e-06,28.1,20.72,71.3,62.63
185,MFC,D2,-4.0,13.0,7.0,0.01,0.1,31.21,27.83,64.83,61.0
186,MFC,D2,-4.0,13.0,7.0,0.01,0.01,28.44,20.8,71.52,62.68
187,MFC,D2,-4.0,13.0,7.0,0.01,0.001,28.14,18.91,73.21,62.52
188,MFC,D2,-4.0,13.0,7.0,0.01,0.0001,28.06,17.49,74.22,62.54
189,MFC,D2,-4.0,13.0,7.0,0.01,1e-05,28.06,17.47,74.24,62.53
190,MFC,D2,-4.0,13.0,7.0,0.01,1e-06,28.06,17.48,74.24,62.53
191,MFC,D2,-4.0,13.0,7.0,0.001,0.1,31.7,28.08,64.72,60.67
192,MFC,D2,-4.0,13.0,7.0,0.001,0.01,28.28,19.77,72.33,63.11
193,MFC,D2,-4.0,13.0,7.0,0.001,0.001,28.22,19.09,73.05,62.41
194,MFC,D2,-4.0,13.0,7.0,0.001,0.0001,28.31,18.9,73.18,62.33
195,MFC,D2,-4.0,13.0,7.0,0.001,1e-05,28.26,18.91,73.19,62.37
196,MFC,D2,-4.0,13.0,7.0,0.001,1e-06,28.25,18.9,73.19,62.32
197,MFC,D2,-4.0,13.0,7.0,0.0001,0.1,31.65,28.08,64.71,60.72
198,MFC,D2,-4.0,13.0,7.0,0.0001,0.01,28.44,20.03,71.76,62.76
199,MFC,D2,-4.0,13.0,7.0,0.0001,0.001,28.21,18.37,73.07,62.31
200,MFC,D2,-4.0,13.0,7.0,0.0001,0.0001,28.27,18.25,73.2,62.19
201,MFC,D2,-4.0,13.0,7.0,0.0001,1e-05,28.13,17.6,73.87,62.13
202,MFC,D2,-4.0,13.0,7.0,0.0001,1e-06,28.14,17.63,73.87,62.1
203,MFC,D2,-4.0,13.0,7.0,1e-05,0.1,31.67,28.07,64.72,60.75
204,MFC,D2,-4.0,13.0,7.0,1e-05,0.01,28.05,19.18,72.75,63.08
205,MFC,D2,-4.0,13.0,7.0,1e-05,0.001,28.3,18.56,73.09,62.4
206,MFC,D2,-4.0,13.0,7.0,1e-05,0.0001,28.34,18.95,73.21,62.3
207,MFC,D2,-4.0,13.0,7.0,1e-05,1e-05,28.36,18.95,73.22,62.3
208,MFC,D2,-4.0,13.0,7.0,1e-05,1e-06,28.37,18.98,73.22,62.25
209,MFC,D2,-4.0,13.0,7.0,1e-06,0.1,31.68,28.09,64.71,60.71
210,MFC,D2,-4.0,13.0,7.0,1e-06,0.01,28.5,20.02,71.79,62.76
211,MFC,D2,-4.0,13.0,7.0,1e-06,0.001,28.32,18.41,73.11,62.43
212,MFC,D2,-4.0,13.0,7.0,1e-06,0.0001,28.11,17.88,73.78,62.42
213,MFC,D2,-4.0,13.0,7.0,1e-06,1e-05,28.1,17.88,73.79,62.35
214,MFC,D2,-4.0,13.0,7.0,1e-06,1e-06,28.08,17.88,73.79,62.34
215,MFC,D2,-4.0,13.0,8.0,0.1,0.1,31.32,27.78,64.48,60.52
216,MFC,D2,-4.0,13.0,8.0,0.1,0.01,28.25,20.8,71.2,62.92
217,MFC,D2,-4.0,13.0,8.0,0.1,0.001,28.38,20.97,70.95,62.47
218,MFC,D2,-4.0,13.0,8.0,0.1,0.0001,28.21,20.39,71.31,62.38
219,MFC,D2,-4.0,13.0,8.0,0.1,1e-05,28.22,20.41,71.31,62.52
220,MFC,D2,-4.0,13.0,8.0,0.1,1e-06,28.18,20.42,71.29,62.5
221,MFC,D2,-4.0,13.0,8.0,0.01,0.1,31.25,27.63,65.0,60.93
222,MFC,D2,-4.0,13.0,8.0,0.01,0.01,27.95,18.85,73.06,62.95
223,MFC,D2,-4.0,13.0,8.0,0.01,0.001,28.05,18.42,73.23,62.59
224,MFC,D2,-4.0,13.0,8.0,0.01,0.0001,28.04,18.24,73.32,62.49
225,MFC,D2,-4.0,13.0,8.0,0.01,1e-05,28.06,18.22,73.34,62.5
226,MFC,D2,-4.0,13.0,8.0,0.01,1e-06,28.05,18.22,73.34,62.5
227,MFC,D2,-4.0,13.0,8.0,0.001,0.1,31.07,27.5,65.24,61.11
228,MFC,D2,-4.0,13.0,8.0,0.001,0.01,28.05,19.11,72.56,62.86
229,MFC,D2,-4.0,13.0,8.0,0.001,0.001,27.91,17.43,74.04,62.55
230,MFC,D2,-4.0,13.0,8.0,0.001,0.0001,27.89,17.23,74.18,62.52
231,MFC,D2,-4.0,13.0,8.0,0.001,1e-05,27.93,17.2,74.18,62.51
232,MFC,D2,-4.0,13.0,8.0,0.001,1e-06,27.93,17.19,74.18,62.51
233,MFC,D2,-4.0,13.0,8.0,0.0001,0.1,30.99,27.27,65.14,61.15
234,MFC,D2,-4.0,13.0,8.0,0.0001,0.01,27.91,19.21,72.67,63.02
235,MFC,D2,-4.0,13.0,8.0,0.0001,0.001,28.04,16.84,74.7,62.36
236,MFC,D2,-4.0,13.0,8.0,0.0001,0.0001,28.15,17.23,74.25,62.05
237,MFC,D2,-4.0,13.0,8.0,0.0001,1e-05,28.13,17.2,74.27,62.05
238,MFC,D2,-4.0,13.0,8.0,0.0001,1e-06,28.13,17.2,74.27,62.05
239,MFC,D2,-4.0,13.0,8.0,1e-05,0.1,31.21,27.77,65.0,61.01
240,MFC,D2,-4.0,13.0,8.0,1e-05,0.01,27.88,19.07,72.6,62.99
241,MFC,D2,-4.0,13.0,8.0,1e-05,0.001,28.21,18.6,73.09,62.41
242,MFC,D2,-4.0,13.0,8.0,1e-05,0.0001,28.24,18.46,73.18,62.33
243,MFC,D2,-4.0,13.0,8.0,1e-05,1e-05,28.24,18.44,73.19,62.35
244,MFC,D2,-4.0,13.0,8.0,1e-05,1e-06,28.24,18.44,73.19,62.34
245,MFC,D2,-4.0,13.0,8.0,1e-06,0.1,31.25,27.54,65.18,61.01
246,MFC,D2,-4.0,13.0,8.0,1e-06,0.01,27.98,19.07,72.62,62.88
247,MFC,D2,-4.0,13.0,8.0,1e-06,0.001,28.13,17.58,74.03,62.52
248,MFC,D2,-4.0,13.0,8.0,1e-06,0.0001,28.26,18.35,73.2,62.44
249,MFC,D2,-4.0,13.0,8.0,1e-06,1e-05,28.27,18.32,73.21,62.45
250,MFC,D2,-4.0,13.0,8.0,1e-06,1e-06,28.27,18.32,73.21,62.44
